Иванов,Андрей,Власович,1990-01-01,1888,153345